arc 1 2 25900.20064
arc 1 3 23403.47319
arc 2 1 25900.20064
arc 2 6 4958.180928
arc 3 1 23403.47319
arc 3 4 17110.52372
arc 3 12 23403.47319
arc 4 3 17110.52372
arc 4 5 17782.7941
arc 4 11 4908.82673
arc 5 4 17782.7941
arc 5 6 4947.995469
arc 5 9 10000
arc 6 2 4958.180928
arc 6 5 4947.995469
arc 6 8 4898.587646
arc 7 8 7841.81131
arc 7 18 23403.47319
arc 8 6 4898.587646
arc 8 7 7841.81131
arc 8 9 5050.193156
arc 8 16 5045.822583
arc 9 5 10000
arc 9 8 5050.193156
arc 9 10 13915.78842
arc 10 9 13915.78842
arc 10 11 10000
arc 10 15 13512.00155
arc 10 16 4854.917717
arc 10 17 4993.510694
arc 11 4 4908.82673
arc 11 10 10000
arc 11 12 4908.82673
arc 11 14 4876.508287
arc 12 3 23403.47319
arc 12 11 4908.82673
arc 12 13 25900.20064
arc 13 12 25900.20064
arc 13 24 5091.256152
arc 14 11 4876.508287
arc 14 15 5127.526119
arc 14 23 4924.790605
arc 15 10 13512.00155
arc 15 14 5127.526119
arc 15 19 14564.75315
arc 15 22 9599.180565
arc 16 8 5045.822583
arc 16 10 4854.917717
arc 16 17 5229.910063
arc 16 18 19679.89671
arc 17 10 4993.510694
arc 17 16 5229.910063
arc 17 19 4823.950831
arc 18 7 23403.47319
arc 18 16 19679.89671
arc 18 20 23403.47319
arc 19 15 14564.75315
arc 19 17 4823.950831
arc 19 20 5002.607563
arc 20 18 23403.47319
arc 20 19 5002.607563
arc 20 21 5059.91234
arc 20 22 5075.697193
arc 21 20 5059.91234
arc 21 22 5229.910063
arc 21 24 4885.357564
arc 22 15 9599.180565
arc 22 20 5075.697193
arc 22 21 5229.910063
arc 22 23 5000
arc 23 14 4924.790605
arc 23 22 5000
arc 23 24 5078.508436
arc 24 13 5091.256152
arc 24 21 4885.357564
arc 24 23 5078.508436
